image: map/2021_06_02_lab.pgm
resolution: 0.050000
origin: [-8.257346, -5.148776, 0.000000]
negate: 0
occupied_thresh: 0.65
free_thresh: 0.196

